60083869
36213451
55601599
49787189
22289801
60157405
51611349
52631653
36254985
42739581
30482729
44903379
40772541
49815663
53763299
49163851
48117889
47276129
38978991
33739107
41914947
60959185
52769323
34925737
34957319
46749887
46390305
60013759
56379105
37454795
40222817
9660940
33507571
12541311
58819141
57886849
9498125
46729941
13844001
56833773
28947907
61447055
41425937
37982651
23021229
28531651
31044961
59163127
50157117
37669695
32309033
57207965
55639811
60771495
60276175
59683865
47694055
48806205
16330767
60337803
24537853
46085117
46554361
26197541
51801365
27468219
58644573
25136799
51532063
17083533
44338777
16844561
12518549
34184739
12538691
12544871
11781121
12519361
12523801
60632285
48691393
35057885
57295321
29715505
12519083
12518897
12522653
29819413
20338971
49208051
30703405
19930073
60329319
60601189
32660711
61080125
51685113
50101341
50216915
49483795
32781225
39563237
25666759
44352597
39535419
8438518
50195629
557676
53646587
4142545
32054881
54931251
29073715
28549839
7772262
28457799
39716901
672622
28334699
14279943
29252579
23600998
54675599
55125125
57923565
54964333
51766081
30699643
55934271
58077111
39490088
54933031
50873307
3267978
23046089
22613815
25266609
48059543
39710702
30165849
2580827
23045889
51148737
39575257
8692076
14542811
23221125
34747411
30723105
8522150
14334789
23602700
58970321
4040714
20522645
45475735
10020240
47976137
31882309
53732343
28439639
53342423
38208449
10014427
4647391
47680191
39146290
23289611
39148732
34758421
27816809
32870215
18763367
37494447
3496573
8390250
24267145
24371367
24425343
24425473
24328531
24806747
21350729
27632135
33137555
51746071
51418381
47761139
41353721
33556821
49184137
21224679
48081433
21216555
8857281
2998621
41922769
50827147
49984281
20890831
46711081
50465661
23128511
7597069
48453969
50465555
26853055
42226975
50465639
50844007
16589369
47879293
46208557
50373523
49561165
45744927
47900577
20144847
532338
51611317
12521843
39693791
12520507
9646795
45545836
39231060
3981641
8445259
45381691
40314837
1341697
45254143
47474675
44352839
48847213
15070595
24159897
4436601
24918521
9555779
39897579
19502769
21351895
41850471
27797373
40319499
34554307
27183637
9479161
43143481
19773021
33332391
20498911
8927370
39287542
46419657
37884019
7956621
30569935
48032075
30568787
25444183
33588337
1181737
33334541
36410043
35269089
48590805
46045345
48090805
35325885
15133707
34822989
2380347
31419491
27697503
37823629
655324
8233984
16177777
57226
8355899
2305376
6699747
11028444
2305234
40721861
38032877
7835256
35179545
18554115
34712341
17667407
30837341
28480993
24707329
33328639
16684831
16384767
1078362
31153813
29578661
19634175
30104935
560168
29955417
7733271
7326362
28858999
29790629
10829074
26166249
28237889
22337707
14346649
23220325
8940258
4839522
3845036
1895429
24408147
3386089
