58885031
58879913
58843083
58884791
56379035
52603887
59506367
56379921
57365445
56421997
51102485
56962025
36582957
37186983
56039503
49096657
57369121
55306857
51131537
57376727
55349693
54421805
55122999
33641751
54928463
61443185
49966911
52547387
32147307
35968061
60328729
60145083
9529076
59254977
52652897
60617857
60827157
59476181
55039115
60297703
56656965
60686971
60122209
59905145
60858709
40605903
57849007
57928083
58843975
58972041
58766007
55692131
53103547
27154743
53993701
37428037
60390337
59246453
59784101
59364539
12517555
12521567
12538425
59246609
12541221
24897275
12517341
12514701
12541443
30543511
36096621
29881653
11657371
37477161
35852187
37648569
16281685
38032807
41620729
8933228
12844417
51398665
31037905
14061679
1906167
15828299
46498253
43826487
30969675
42151131
31877549
31838267
31877589
36197105
50159339
34184761
51268131
51260999
51260095
34184745
51512895
53365339
6905251
59963151
60284673
42511319
42964659
30830633
32434371
37413707
43133807
28582841
10017215
28438343
42648113
39095308
39694639
33157543
10017711
46787625
35802443
41731407
27603471
37464819
2945798
28657497
2992359
27911351
27138083
27275343
25079989
36165565
14061935
24216417
27433887
25692385
12543531
28669587
12540435
15967683
47290443
53524825
56410009
58797267
57786571
52276781
55824553
19380819
60226493
55346219
59257557
49103423
30175959
30797463
53329693
40409993
22439209
26332791
31875223
29990181
30458927
23910016
36574311
9389357
32352503
47933987
33618277
58038509
43464615
8497476
22889107
57968913
10705593
52175123
49994339
34420151
50447329
45664381
52504823
56560869
40362117
57851167
8140286
5727150
57664693
57851181
49461145
57181795
20465237
58068907
61269401
8455263
37071961
61351641
61436921
24035735
59617041
34255291
36014731
32555925
54608093
46419709
61284475
53750247
53140467
60895709
47213117
47042127
38459533
55185533
50833705
58351831
46335667
38576263
50951851
49485207
47774381
49485181
39620343
50268851
51210083
29428791
51598949
29850899
51051571
20841193
16877369
31410691
33237213
23348628
28268225
28268169
57321177
57625263
42217883
36305935
57752099
57541593
51531809
11223357
47470623
49739359
32691773
28141497
49563805
57070885
33222129
58544455
48022197
60535057
60979299
47694393
47397977
39006751
47653265
47674345
47596805
61250819
61104343
61140865
7168088
30774925
7403818
10096269
9266236
34784049
23298715
32993111
8068810
60117917
27310603
30023073
16232255
13399363
47907001
20412913
26208395
39702821
32691583
39702893
56000239
56379801
59543251
58890643
36245313
25236111
15653013
18816945
36703495
39529612
45698629
54108293
59262137
6985812
10016365
27661487
58435435
30282383
45909603
58435411
35877213
31369019
56885745
47805575
24634507
37904705
30615645
47809033
47805775
30455423
40412675
50978441
44799727
45293609
49198419
46254793
51006565
51793683
54942293
51021025
56759177
55080729
10124633
59520929
12169631
22879173
26842665
11273937
32789549
10019921
33894751
10469424
10017431
30273417
58766207
19142077
55728163
47641115
9337410
27897407
10980462
55259551
23214119
55348281
10014034
55148985
54920425
57409689
44906701
54943133
58693467
58110193
5487834
60110235
47187439
24093583
29660709
24058735
59199555
58922105
24633083
20213479
54080997
57065531
60314559
58804843
59166835
57696105
59018269
57294931
57680783
60879083
9353014
50119499
28324887
35250445
59862199
53711749
56764213
34623623
35313619
30935233
27386809
56539321
51993901
25389519
57439293
60548447
25619201
61046323
57816837
25473775
58581757
47485981
54942201
49225769
51803959
51481153
49848259
50979021
45778123
42214231
48131575
47830507
51582363
28001755
35889899
27797871
37631963
30406661
36410099
38686423
24210623
36639863
34174907
27310501
38418989
13397071
49906985
52393499
54431509
50464169
29055277
42066239
50035637
51672119
40424481
45481599
35832003
50150443
55930811
25250701
55129037
10615417
38136849
50437383
45085635
29661393
44383223
48776631
28583553
39013624
26176105
48098021
36438797
26872177
37934609
50119447
47585193
56962153
38308507
54153405
36158783
60318245
29412497
11096434
52598197
51664711
33061361
26548625
44693133
36514915
52318949
10189473
48977367
45641863
33555099
33061309
56459155
39757017
25635969
29400089
30585529
43323697
9338100
8938272
27344585
30758993
43632003
7336562
42138431
43502599
45850863
51960469
30741239
28102065
36892471
47607941
23710700
41114645
20333069
52597621
53037243
20733465
38107557
28274069
59293795
28973383
25296475
60438807
61320587
50007625
49850547
61360995
61509173
54881149
37168991
50053227
49931883
50466651
50007849
28510993
19106243
53112075
52963311
31135089
37357071
49226165
33805067
26517377
60846821
10598325
39673701
36880217
27389229
47805715
55295605
21179185
35934581
36546399
53527489
48309695
53677203
43621779
52234017
59847381
61445517
57655437
60365653
50012097
43861963
55752087
60145547
56726827
48437765
60326929
43621887
36891981
56210983
44338947
7671835
25593753
39930815
45647821
20475407
30251023
57264637
32616035
24305157
60563015
16050765
7705470
42423167
3345310
60320581
