60895709
55185533
47042127
53750247
38576263
61284475
38459533
53140467
47213117
46419709
49966911
61443185
58351831
46335667
50833705
50951851
52547387
52652897
60145083
60328729
60617857
55039115
59476181
12517341
60297703
24897275
60827157
9529076
59254977
30543511
29881653
35852187
16281685
36096621
37477161
38032807
8933228
37648569
11657371
41620729
25079989
25692385
12540435
15967683
57786571
58797267
28669587
12543531
53524825
47290443
41731407
52276781
35802443
27603471
56410009
37464819
27138083
55824553
2945798
2992359
27275343
28657497
27911351
24216417
31037905
36165565
51398665
14061679
27433887
14061935
31838267
30969675
46498253
42151131
43826487
36197105
1906167
31877549
12844417
15828299
31877589
50159339
34184745
51260999
53365339
34184761
59963151
51512895
51268131
51260095
32434371
37428037
30830633
60284673
59784101
59364539
60390337
27154743
6905251
59246453
12514701
12541221
12538425
45664381
57968913
12521567
12541443
59246609
12517555
50447329
40362117
8140286
57851167
57851181
34420151
52504823
5727150
57664693
56560869
57181795
49485207
39620343
49461145
51210083
51051571
50268851
49485181
51598949
29850899
47774381
16877369
47397977
61104343
29428791
47596805
20841193
23348628
47674345
61140865
61250819
8068810
10096269
30774925
37413707
9266236
34784049
7168088
60117917
7403818
42964659
42511319
43133807
39095308
10017215
28582841
28438343
33157543
39694639
42648113
10017711
28102065
20733465
36892471
23710700
41114645
46787625
30741239
7336562
20333069
59293795
61509173
58068907
61320587
55346219
19380819
60226493
61360995
20465237
30797463
60438807
8455263
30175959
53329693
37071961
40409993
49103423
61436921
61269401
61351641
59257557
31875223
26332791
29990181
59617041
22439209
24035735
34255291
36014731
32555925
30458927
23910016
36574311
9389357
32352503
43464615
54608093
33618277
58038509
47933987
8497476
49994339
60686971
22889107
52175123
60858709
59905145
10705593
56656965
40605903
60122209
57849007
58879913
53993701
37186983
58884791
55692131
58843975
58972041
58766007
53103547
36582957
51131537
57369121
49096657
57365445
58885031
56421997
56379035
55306857
58843083
55349693
57376727
52603887
33641751
55122999
54421805
59506367
51102485
56039503
56379921
47470623
57070885
32147307
28141497
32691773
56962025
54928463
35968061
33222129
48022197
47653265
60535057
47694393
58544455
60979299
31410691
39006751
57321177
33237213
42217883
11223357
28268169
49739359
36305935
57752099
28268225
49563805
57541593
57625263
51531809
58804843
57680783
54080997
9353014
50119499
59018269
57294931
59166835
28324887
57696105
30935233
35250445
35313619
60879083
27386809
56764213
59862199
53711749
56539321
34623623
57439293
25619201
60548447
25389519
16232255
23298715
51993901
25473775
61046323
32993111
15653013
47907001
25236111
59543251
56379801
56000239
39702821
39702893
59262137
58890643
60110235
24093583
58922105
29660709
47187439
59199555
5487834
24633083
24058735
58693467
20213479
32789549
60314559
11273937
57065531
26842665
10124633
12169631
59520929
22879173
27897407
58766207
19142077
10019921
10017431
30282383
35877213
9337410
10469424
27661487
24634507
30455423
55080729
44799727
51793683
47809033
50978441
30615645
54942293
51006565
55148985
33894751
55259551
55728163
55348281
57409689
30273417
23214119
56759177
10980462
44906701
58110193
54943133
47641115
58435411
54920425
45698629
10014034
54108293
58435435
31369019
56885745
37904705
47805575
47805775
51021025
46254793
40412675
45293609
49198419
57816837
54942201
47485981
51481153
58581757
51803959
49225769
49848259
50979021
48131575
30406661
45778123
28001755
42214231
47830507
35889899
27797871
51582363
37631963
24210623
38686423
36410099
38418989
13397071
13399363
36639863
34174907
27310501
27310603
30023073
26208395
10016365
18816945
45909603
32691583
36703495
39529612
6985812
20412913
36245313
39673701
60318245
44693133
55930811
54153405
47585193
48776631
51664711
56962153
26176105
26517377
55714619
36546399
52598197
26548625
52393499
51672119
55752087
33555099
38308507
60145547
36891981
55129037
29412497
53527489
54431509
26872177
36158783
53677203
19106243
10615417
44383223
28510993
25296475
10189473
52234017
11096434
30531071
52963311
33805067
53112075
21179185
33061309
36514915
27344585
52318949
49906985
50012097
37168991
50035637
40424481
42066239
45085635
55295605
31135089
50464169
38136849
29055277
25250701
29661393
36438797
37934609
28583553
529398
37357071
811655
39757017
29400089
9338100
25635969
5452842
30758993
8938272
45850863
43323697
43632003
53037243
42138431
52597621
51960469
56459155
43502599
47607941
38107557
48977367
35934581
10598325
43861963
44895705
43621779
50007625
57655437
48309695
59847381
27389229
48437765
56726827
28973383
47805715
60846821
60365653
56210983
50007849
28274069
54881149
49850547
49931883
50466651
50437383
45481599
35832003
50053227
50150443
39013624
45641863
48098021
30585529
50119447
33061361
49226165
31754355
20475407
36880217
25593753
61445517
36387313
31584811
57265233
60326929
33776957
60320581
32616035
28402523
30251023
24305157
42423167
39930815
44338947
32285279
17309133
3345310
45647821
43621887
47807355
36529323
14350351
37539669
17309459
16768161
35251943
57664703
57651567
60286271
7671835
23300044
7705470
43017127
57264637
16050765
58051647
19181827
57651333
60563015
46296025
12520835
32090707
46852235
30799487
46783727
61060185
8409355
57651601
14916793
36108627
26684051
36851933
26364031
50252065
30416249
26542155
51064937
25457151
37667593
33104411
60159063
47976225
56451507
29429857
27479399
37112651
33549173
11293623
14710781
28012993
25132517
38314527
50302219
11319689
11320489
38558023
11320121
56005023
58630227
56705155
58527113
45872469
28474935
58151739
11320585
23314562
46133399
36676005
56250187
58488749
32615403
29514399
40233965
57696091
52572281
17610697
38594787
27897433
48057143
34014099
56134533
36582531
59660581
60213817
48543417
49461483
37326165
27661369
53067987
44636579
38191469
39703045
52228479
42050733
57168553
31320419
49460555
54912779
29955691
22657659
6501080
54354037
32544847
37645373
48303623
46700851
47654525
50155549
4054563
34099631
60096043
23214087
52104697
35659569
53475703
23214151
53389349
55321915
39494004
58476189
49627939
41228083
31018969
49393407
37649805
39665461
37106817
35409363
40668967
58549197
53256531
58476233
35462489
49863903
49248349
17609065
27091383
27232613
48819149
29701329
46381199
27625425
27670505
18730725
34455359
5302390
38376001
3622120
15829247
25718969
43716501
38517995
19007929
37246783
15828157
37625769
37492799
18833501
38207407
37524891
26209821
38699389
28250023
35917471
39705309
49324777
50659153
47344965
26881503
53310911
36455007
33292777
10016870
28376269
35530117
59759503
32246941
59894841
29849817
26197753
58764185
58921009
60105507
49042437
60147353
14785743
59612605
24392799
55992335
19766437
624696
32616405
45476347
19766337
7021765
31041437
54650327
37408019
19817119
46287439
59592901
57758213
58211139
4895648
48799947
49855385
57844891
38048749
50159323
46135405
58978597
38811007
10013813
38049849
28009835
54475019
58831649
19755591
37607313
10797923
37607159
49587395
14947709
28268391
44825379
52820129
51578027
29102467
40674391
39956525
55522857
30856615
28122075
25275905
48733157
28884613
44789381
28832937
39702747
23201281
37619001
45547488
33765901
56130603
44194035
37516951
45741531
34657839
53046025
26198979
49553235
26719691
46608659
37173675
547465
47872785
37198701
45741473
45308935
55017687
35298129
39912385
36207247
10019909
28540079
27388911
54064619
10015768
1587558
15938185
48998723
45183683
11273967
53863569
27831833
38248413
31108023
53371733
53624693
49162473
49081441
57017157
54344437
54393503
51546929
54393465
54472005
54507509
24701613
55356923
33711467
24813669
33331437
31706241
18885525
30393203
41845239
19274049
32027407
32204849
39233194
25019605
20159595
34986789
35016487
46494209
28122499
33797061
46556923
44367435
28165943
18454059
29930757
25959219
27914561
35049419
45500273
44846693
48284896
50333135
37659327
34963721
25354295
35673493
33292881
2042576
51775715
34361555
49627615
45677747
49473697
52445217
32129381
56148283
57275891
55674787
25866533
54139801
49314351
51456523
49623235
1444573
39140514
9435075
50857079
47932023
49327337
50220945
50813463
49032641
14750053
50813449
48177941
49448549
40103825
48479509
30826515
37642457
39727835
32096057
23851938
51588375
53555471
21350751
51368455
53650921
49724217
24806793
56782853
41797529
47567693
38936089
7559685
1298768
38962007
47568355
19787569
51790313
42853605
4942684
11850065
34226309
49725007
51077215
1319622
1329167
27771721
33933665
13660451
17115995
53634469
1298702
1298499
1298509
23339060
30667333
1298664
23480280
43286535
29742105
36971157
54406297
30449475
56222397
20863903
20606773
47693823
36971199
46015981
29146249
41411609
38395037
23427056
22724691
48527639
42776335
50843919
21991603
25022917
50813357
22294971
29752611
27614141
22343971
41031631
25603705
37611387
45857233
24635401
29023609
34767567
43008503
43392053
48782223
45964305
31014915
477681
47547737
21727501
44382451
34956145
32801531
15559791
47541769
50066513
2837648
8574346
28410485
473317
44194587
46172147
32783909
25054433
22152197
2447309
36581869
36255101
35459797
35661229
46040899
42342963
20246903
38438923
24708925
52468987
42284083
45973509
38399067
43619823
40162913
25568431
1329268
48026905
47306207
1329169
38833427
14015617
41707699
15555891
28900943
26268313
30620651
31802455
44008719
28433901
43726559
45378905
44764215
42864391
36894845
44372973
22076831
34019243
30236921
47121191
43239507
45902139
441900
39495982
24980907
48986429
46176411
51950427
37532523
16190559
29962453
49308429
46014579
2052822
39803119
29310467
21590749
29134295
47475311
12545513
47475265
12540533
1149108
9195342
5489818
47423401
28321283
12188925
38840747
23582048
36255117
37702299
47167061
45539592
44370179
44253463
45526302
45904105
48446883
47548981
47514519
14264175
48881071
49249117
31981477
23478872
49024677
45643077
29705829
46764739
35964453
37129571
6947897
50861817
47821905
50953469
33520495
38009917
41796977
51422157
23671526
51824671
29944595
20622273
33129681
49643097
46467007
7969729
38437251
22481475
49329047
29997279
48930573
28072575
31471599
50610979
15067645
48704711
26038051
28268083
17114167
50862167
38642725
36307641
46425345
48344033
39031998
22354933
4104764
28697087
24406191
39963569
30202513
48537881
19444553
28138733
30261559
1711288
49167791
38249803
50221019
32616365
32615889
50106407
8304981
43009081
44046175
46095279
25490867
240307
45464597
39902507
17609029
46467461
16755305
169967
23608286
45828899
36903341
1298749
9300929
28852879
45536576
21042391
1209137
29977629
27151723
25328069
22253339
28915623
16175925
18947457
46419205
38643241
23200909
28585317
30694183
27311337
20726147
36504873
32893599
33826531
26442915
46056669
9163126
32336355
26186199
34342081
32336947
32026107
12802235
26271987
38330859
9963800
27691885
38633273
26498157
24946693
2305328
29907029
30592027
17528861
2765735
6615413
32321063
32367677
33361739
32322413
14036901
21518139
34563629
35879223
30261031
30443705
33456685
38029027
30250317
37173787
26042371
22759103
25771655
33595895
21095995
24406071
43642709
17398041
15996565
23622718
36283465
7710149
28863115
27217467
42897567
25688655
28176611
40337695
20829857
39563075
22049371
33854817
40783359
11733399
24765581
28954079
47401183
6331212
31853833
44113787
26985317
631083
37950717
10569071
36410141
16234605
33355061
24691223
29229457
9479891
39133472
12755841
33555821
41778689
33556029
23080663
27949661
31502931
36898461
23910748
36788059
39622431
39806459
30813791
15051669
29073723
32768977
38931391
32568359
14854805
9730379
26613053
28687427
39133862
32726317
31486163
33902199
24918199
30015647
318647
35271627
29220223
31816183
28511805
34098633
34946183
36466339
24935033
29669843
20882413
20881555
35638031
17816427
27183053
28429305
34701155
6369568
24450615
27266579
27334045
38543505
27182153
30594755
36027555
25992911
36198969
37342757
29977737
16851241
21799543
20199211
30834121
27387067
28474381
8317249
31312907
28613437
20516921
14497815
37182119
2273725
28516159
36110161
22820213
25250885
10235009
27788343
37095957
30506741
36472773
33689999
36440925
22019743
20410065
30591997
38161953
13466811
34119933
22949427
4547787
18065719
28323995
30889709
35982629
7602381
32991181
28237147
38593255
12737197
27563169
36282681
37665953
9504133
28612015
17900551
27461711
21753187
30202543
2583421
25151281
25983253
29986549
10336154
27556595
8828371
30553363
21113409
4128560
27908381
28293561
23821548
32165261
14918703
18036763
5401343
27567307
28494027
8632055
6754349
6472775
19426759
14524459
24670199
14522275
10478465
37656221
23813452
16350199
24571973
17384897
24293789
23006271
27591399
31336731
36160841
24928637
30398843
27772147
30399165
23945544
6455482
10842340
33553899
24449819
35661179
23096481
6460408
31425109
29160177
33555805
32644431
26774497
30247621
28522229
27272717
27909217
34645421
28667687
20506963
2269707
27495821
13346451
16787421
15480389
32550887
24588653
29454479
28322661
20941553
22970961
28220975
31010727
28175391
6173574
12908793
29805085
17229411
12908871
2375880
20982807
24613983
26100143
26409651
20982851
1268057
25011905
18876355
14281129
6906628
25931055
20468265
4294033
10467496
4065266
28433585
7270684
